3,2
3,1
3,3
10,215
10,265
10,15
10,97
9,5
9,2
9,3
8,17
8,7
8,10
8,14
8,9
8,2
8,3
73,3
73,2
73,1
73,0
72,3
72,2
72,1
72,0
71,4
71,3
71,2
71,1
71,0
27,4
27,3
27,2
27,1
12,3
12,2
12,1
11,30
11,29
11,28
11,27
11,26
11,25
11,24
11,23
11,22
11,21
11,20
11,18
11,17
11,16
11,15
11,14
11,13
11,12
11,11
11,10
11,8
11,7
11,6
11,5
11,4
11,3
11,2
11,1
10,315
10,312
10,308
10,304
20,2
20,1
10,301
10,299
20,3
10,298
10,297
10,291
10,288
10,287
10,286
19,2
19,1
10,283
19,3
10,277
10,276
10,270
10,262
10,261
10,247
10,242
10,231
10,230
10,228
10,227
10,226
10,225
10,224
10,222
10,221
10,218
10,217
10,216
10,212
10,211
10,210
10,201
10,180
10,171
10,168
18,1
10,146
